acc,loss,val_acc,val_loss,trial_no,aug1_type,aug1_magnitude,aug2_type,aug2_magnitude,portion,sample_no,reward,epoch,acc_overfit
0.11599999999999999,2.293,0.11199999999999999,2.273,185,crop,0.057,gaussian-blur,0.8109999999999999,0.40700000000000003,1,0.57,0.0,0.0040000000000000036
0.129,2.287,0.198,2.209,154,horizontal-flip,0.8640000000000001,gaussian-blur,0.8809999999999999,0.452,1,0.565,0.0,-0.069
0.124,2.31,0.14800000000000002,2.296,190,invert,0.22,gaussian-blur,0.804,0.42,1,0.56,0.0,-0.02400000000000002
0.12,2.293,0.09699999999999999,2.41,200,coarse-salt-pepper,0.065,gaussian-blur,0.8690000000000001,0.39299999999999996,1,0.555,0.0,0.023000000000000007
0.106,2.312,0.165,2.2569999999999997,80,add-to-hue-and-saturation,0.9440000000000001,crop,0.149,0.491,1,0.555,0.0,-0.05900000000000001
0.126,2.29,0.231,2.201,22,shear,0.9420000000000001,gaussian-blur,0.895,0.47,1,0.552,0.0,-0.10500000000000001
0.11699999999999999,2.309,0.23199999999999998,2.276,77,add-to-hue-and-saturation,0.941,add-to-hue-and-saturation,0.081,0.502,1,0.5479999999999999,0.0,-0.11499999999999999
0.124,2.294,0.11199999999999999,2.311,182,brighten,0.002,gaussian-blur,0.823,0.371,1,0.547,0.0,0.01200000000000001
0.121,2.307,0.18600000000000003,2.2769999999999997,64,add-to-hue-and-saturation,0.912,gaussian-blur,0.12,0.521,1,0.547,0.0,-0.06500000000000003
0.12300000000000001,2.287,0.10800000000000001,2.3209999999999997,116,vertical-flip,0.841,gaussian-blur,0.9009999999999999,0.564,1,0.547,0.0,0.015
0.11599999999999999,2.3080000000000003,0.182,2.2680000000000002,112,gamma-contrast,0.131,gaussian-blur,0.902,0.556,1,0.545,0.0,-0.066
0.131,2.285,0.21,2.177,126,sharpen,0.426,gaussian-blur,0.902,0.496,1,0.545,0.0,-0.07899999999999999
0.115,2.291,0.133,2.244,283,coarse-dropout,0.396,gaussian-blur,0.898,0.49700000000000005,1,0.545,0.0,-0.018000000000000002
0.11599999999999999,2.3040000000000003,0.222,2.281,91,add-to-hue-and-saturation,0.966,additive-gaussian-noise,0.006,0.501,1,0.542,0.0,-0.10600000000000001
0.125,2.301,0.242,2.267,243,translate-y,0.062,gaussian-blur,0.804,0.373,1,0.541,0.0,-0.11699999999999999
0.11900000000000001,2.301,0.17300000000000001,2.25,178,emboss,0.872,gaussian-blur,0.873,0.455,1,0.537,0.0,-0.054000000000000006
0.113,2.301,0.129,2.266,225,clouds,0.39399999999999996,gaussian-blur,0.898,0.332,1,0.537,0.0,-0.016
0.13699999999999998,2.287,0.196,2.177,127,rotate,0.268,gaussian-blur,0.9,0.6729999999999999,1,0.534,0.0,-0.059000000000000025
0.109,2.309,0.166,2.263,162,fog,0.879,gaussian-blur,0.883,0.364,1,0.5329999999999999,0.0,-0.05700000000000001
0.128,2.2969999999999997,0.11,2.254,184,dropout,0.875,gaussian-blur,0.887,0.46,1,0.531,0.0,0.018000000000000002
